2 3
14    1 2   
1 9 13   
3 4
7 3 5 7
5 7 4 9
7 1 2 3
10 10
1 2 3 4 5 6 7 8 9 10
2 3 4 5 6 7 8 9 10 1 
3 4 5 6 7 8 9 10 1 2
4 5 6 7 8 9 10 1 2 3
5 6 7 8 9 10 1 2 3 4
6 7 8 9 10 1 2 3 4 5
7 8 9 10 1 2 3 4 5 6
8 9 10 1 2 3 4 5 6 7
9 10 1 2 3 4 5 6 7 8
10 1 2 3 4 5 6 7 8 9
4 5
100 200 300 200 500 
200 100 500 300 200 
300 100 200 200 100
300 600 700 300 100
5 6
1050 1040 1030 4090 5060 2060
2060 2050 2040 1030 3020 1050
3070 5060 3050 5010 4100 5090
4080 4100 5010 2040 1040 3070 
5090 3020 4090 3050 2050 4080
3 5
121 34 531 29 1304
12 432 45 9449 803
2000 9732 2005 720 26
10 10
1 2 3 4 5 6 7 8 9 10
2 3 4 5 6 7 8 9 10 1 
3 4 5 6 7 8 9 10 1 2
4 5 6 7 8 9 10 1 2 3
5 6 7 8 9 10 1 2 3 4
6 7 8 9 10 1 2 3 4 5
7 8 9 10 1 2 3 4 5 6
8 9 10 1 2 3 4 5 6 7
9 10 1 2 3 4 5 6 7 8
10 1 2 3 10 5 6 7 8 9
4 5
12 34 650 329 12
47 98 32 65 4090
432 1772 2 320 621
3749 99 3657 61 54
2 2
9999 1772
35 5036
5 4
40 20 30 10
300 400 200 500
7000 4050 3221 2201
0 5 8 3
73 17 56 63
